[0.0, 1, 111.08575106060509, 13.134825358711282]
[0.0, 2, 111.08120771714472, 13.187724105098596]
[0.0, 3, 111.17965587636363, 13.1889099103317]
[0.0, 4, 111.07777050101427, 13.071335633938101]
[0.0, 5, 111.02132026192659, 13.163110522505603]
[1.0, 1, 111.02237119703601, 13.162589189582766]
[1.0, 2, 111.08321734235895, 13.19012033457355]
[1.0, 3, 111.07615961384464, 13.07050878788813]
[1.0, 4, 111.18343846813069, 13.192166225844781]
[1.0, 5, 111.08562221283562, 13.134233006279528]
[2.0, 1, 111.02215913451302, 13.162195127845392]
[2.0, 2, 111.08517167725705, 13.133821558575049]
[2.0, 3, 111.07666605823447, 13.069387260050313]
[2.0, 4, 111.18440386091348, 13.194094417420956]
[2.0, 5, 111.08319071588343, 13.190260728308754]
[3.0, 1, 111.07734291936825, 13.069063246887284]
[3.0, 2, 111.18453474773855, 13.194018464155846]
[3.0, 3, 111.02318990440081, 13.162087775529608]
[3.0, 4, 111.08430818777524, 13.191506950047154]
[3.0, 5, 111.0849954194055, 13.133788614984857]
[4.0, 1, 111.08362093661837, 13.19083948570336]
[4.0, 2, 111.02357632008892, 13.1618748306162]
[4.0, 3, 111.07777647760733, 13.06913603351154]
[4.0, 4, 111.18366484406563, 13.193501368337868]
[4.0, 5, 111.08513176391236, 13.133707684839464]
[5.0, 1, 111.08534369677955, 13.133400337139824]
[5.0, 2, 111.18383799784877, 13.1942146879103]
[5.0, 3, 111.0236220639054, 13.16177575486802]
[5.0, 4, 111.07727229342765, 13.069708591270444]
[5.0, 5, 111.08256730797874, 13.189130696871466]
[6.0, 1, 111.07743616481717, 13.069192182109916]
[6.0, 2, 111.18471126539312, 13.194873211469893]
[6.0, 3, 111.08302959079091, 13.18872477906532]
[6.0, 4, 111.02375102246508, 13.161902629680492]
[6.0, 5, 111.08510597849116, 13.133289931568196]
[8.0, 1, 111.02347540469391, 13.162070686033633]
[8.0, 2, 111.08515830524462, 13.133445329614853]
[8.0, 3, 111.08314498205496, 13.188449622452465]
[8.0, 4, 111.18481036555791, 13.19229555169833]
[8.0, 5, 111.07652576790132, 13.070123618530848]
[9.0, 1, 111.0855344656518, 13.134150004051444]
[9.0, 2, 111.02384972097117, 13.16222285057511]
[9.0, 3, 111.18351411958199, 13.191885349444526]
[9.0, 4, 111.08305260965243, 13.188890122858425]
[9.0, 5, 111.07787884994863, 13.070637363211844]
[10.0, 1, 111.08542378038582, 13.134258029812353]
[10.0, 2, 111.17940209670127, 13.191794328552236]
[10.0, 3, 111.0771010054373, 13.070705629505749]
[10.0, 4, 111.023943245956, 13.162817045081177]
[10.0, 5, 111.08251845758609, 13.187943421866125]
[11.0, 1, 111.08227905185777, 13.187990139802638]
[11.0, 2, 111.07711792631572, 13.06997345285087]
[11.0, 3, 111.08535281015583, 13.13380367184219]
[11.0, 4, 111.02061076870348, 13.16369875016059]
[11.0, 5, 111.18084630499564, 13.192969862977753]
[12.0, 1, 111.08494390433961, 13.13285669123781]
[12.0, 2, 111.08421632194438, 13.188671264461016]
[12.0, 3, 111.18281726001568, 13.193562857348743]
[12.0, 4, 111.07818959137396, 13.068742541488442]
[12.0, 5, 111.02078188386527, 13.164332165600657]
[13.0, 1, 111.08503732808373, 13.133371765177284]
[13.0, 2, 111.17991482070101, 13.1910970180937]
[13.0, 3, 111.01994654429464, 13.165056813720462]
[13.0, 4, 111.07736942315505, 13.07021207057492]
[13.0, 5, 111.08507289834259, 13.189922721008607]
[14.0, 1, 111.07704058785127, 13.067787289438169]
[14.0, 2, 111.08559748347109, 13.132209363335368]
[14.0, 3, 111.08554470207197, 13.189604171693713]
[14.0, 4, 111.01901582778832, 13.166111042200315]
[14.0, 5, 111.17938704201991, 13.190395701302739]
[15.0, 1, 111.08634224962125, 13.131543742480664]
[15.0, 2, 111.17661762545897, 13.188834809331917]
[15.0, 3, 111.0182983647705, 13.166146443780882]
[15.0, 4, 111.08479293486502, 13.18942554960252]
[15.0, 5, 111.07664671338536, 13.06776216177383]
[16.0, 1, 111.08412507956662, 13.18860839887627]
[16.0, 2, 111.08596618575754, 13.131508087340167]
[16.0, 3, 111.07675103639012, 13.067984985591055]
[16.0, 4, 111.1753210179044, 13.18843152463888]
[16.0, 5, 111.0186470256172, 13.165397621920699]
[17.0, 1, 111.01795371985162, 13.164698626257655]
[17.0, 2, 111.08590349946826, 13.131426421764402]
[17.0, 3, 111.17668428956871, 13.18885652549644]
[17.0, 4, 111.08354454386425, 13.187694415017663]
[17.0, 5, 111.07717915666464, 13.067613480361164]
[18.0, 1, 111.1804262935664, 13.190065231664951]
[18.0, 2, 111.01792312626105, 13.164982549161168]
[18.0, 3, 111.08442066510304, 13.187816783967016]
[18.0, 4, 111.0863149323506, 13.131443952981407]
[18.0, 5, 111.07783448389853, 13.06714650509093]
[19.0, 1, 111.08695093049789, 13.130905918210999]
[19.0, 2, 111.08440686633702, 13.187104557413614]
[19.0, 3, 111.07783212814952, 13.067614226871537]
[19.0, 4, 111.18049587480218, 13.189954321989795]
[19.0, 5, 111.01750511831736, 13.164816342733126]
[20.0, 1, 111.08893130358994, 13.1324129465971]
[20.0, 2, 111.01704079447866, 13.165814780380174]
[20.0, 3, 111.07842379232883, 13.070891588453428]
[20.0, 4, 111.08415894211764, 13.188671501152232]
[20.0, 5, 111.1806677102475, 13.189702882628763]
[21.0, 1, 111.0166708606566, 13.167490366360099]
[21.0, 2, 111.07700109262053, 13.069004213811306]
[21.0, 3, 111.18110311079316, 13.1901475497186]
[21.0, 4, 111.08418301041485, 13.189621717376319]
[21.0, 5, 111.08924482601546, 13.131840140752582]
[22.0, 1, 111.08308951885479, 13.189534207067497]
[22.0, 2, 111.07572164777703, 13.06692379859513]
[22.0, 3, 111.01635350142644, 13.167290817444275]
[22.0, 4, 111.17804802383506, 13.189704794718555]
[22.0, 5, 111.08869647313568, 13.131870558520223]
[23.0, 1, 111.07602034532343, 13.070653014640042]
[23.0, 2, 111.0195345486507, 13.164514672651288]
[23.0, 3, 111.17736843247658, 13.186891678365857]
[23.0, 4, 111.08739830818914, 13.134474682591552]
[23.0, 5, 111.08224294253253, 13.189034590541146]